Parameters: [ 972.07747884  473.62776977 3195.9837523  2708.2922774   107.63477595
 1015.5141096  1193.55208635 1285.7942045  1886.13666896 1650.42688305]
Function value: 0.124886800260603
Parameters: [ 403.94845125  647.97245898 2400.69668032 2535.47183754  398.29948881
 1015.38612532 1976.6996215  1941.96827711 1426.79593163 1141.34151948]
Function value: 0.17726008369367682
Parameters: [ 337.08482801  437.65450084  730.92703192  782.61586288 2510.28823398
 1234.83557319 1196.45881764 1766.31376885 1756.81939889 1474.53454762]
Function value: 0.20552517117323194
Parameters: [ 560.23152573 1407.9976975   541.74047434 1159.71565372  566.87676424
 1987.05300725 1628.43166401 1943.33567877 1429.39740443 1739.47405051]
Function value: 0.283812643297048
Parameters: [ 389.02218343  559.95264871  150.18942848 1142.06029385  635.40467948
 1621.01124638 1597.16260489 1037.99000384 1893.07300752 1660.005409  ]
Function value: 0.3942917989310679
Parameters: [ 389.02218343  559.95264871  150.18942848 1142.06029385  635.40467948
 1621.01124638 1597.16260489 1037.99000384 1893.07300752 1660.005409  ]
Function value: 0.3942917989310679
Parameters: [ 198.87454933 1374.1008009   363.46637669  670.1586143   284.15226825
 1458.59590407 1954.48449961 1263.12114089 1847.64773119 1799.06823141]
Function value: 0.4025410318010514
Parameters: [ 198.87454933 1374.1008009   363.46637669  670.1586143   284.15226825
 1458.59590407 1954.48449961 1263.12114089 1847.64773119 1799.06823141]
Function value: 0.4025410318010514
Parameters: [ 198.87454933 1374.1008009   363.46637669  670.1586143   284.15226825
 1458.59590407 1954.48449961 1263.12114089 1847.64773119 1799.06823141]
Function value: 0.4025410318010514
Parameters: [ 246.98205135  512.02260075  419.93633795  297.12176266  837.99600817
 1663.21353499 1929.70502506 1254.83308572 1492.72821412 1480.68416112]
Function value: 0.4373925307464083
Parameters: [ 724.92579751  526.72856141  184.40527455  331.16148585  404.50496677
 1708.94968078 1937.81308618 1268.25604247 1650.40666896 1671.90700216]
Function value: 0.49269167430666483
Parameters: [ 724.92579751  526.72856141  184.40527455  331.16148585  404.50496677
 1708.94968078 1937.81308618 1268.25604247 1650.40666896 1671.90700216]
Function value: 0.49269167430666483
Parameters: [ 194.15899851  214.40850659  151.04720318  310.43123449  637.65066035
 1017.45563586 1036.20237812 1411.07494926 1474.36142752 1602.60081622]
Function value: 0.5627896880868068
Parameters: [ 194.15899851  214.40850659  151.04720318  310.43123449  637.65066035
 1017.45563586 1036.20237812 1411.07494926 1474.36142752 1602.60081622]
Function value: 0.5627896880868068
Parameters: [ 249.2519955   224.57238491  109.31719835  980.36980537  118.16043147
 1404.25169614 1931.04112858 1393.23986017 1583.8762683  1324.0211414 ]
Function value: 0.5939949734621998
Parameters: [ 149.21211681  285.83783343  274.12106617  346.24017735  235.6079991
 1145.50708757 1866.21406092 1238.71409141 1442.46487532 1647.86714527]
Function value: 0.6333042777539378
Parameters: [ 149.21211681  285.83783343  274.12106617  346.24017735  235.6079991
 1145.50708757 1866.21406092 1238.71409141 1442.46487532 1647.86714527]
Function value: 0.6333042777539378
Parameters: [ 149.21211681  285.83783343  274.12106617  346.24017735  235.6079991
 1145.50708757 1866.21406092 1238.71409141 1442.46487532 1647.86714527]
Function value: 0.6333042777539378
Parameters: [ 149.21211681  285.83783343  274.12106617  346.24017735  235.6079991
 1145.50708757 1866.21406092 1238.71409141 1442.46487532 1647.86714527]
Function value: 0.6333042777539378
Parameters: [ 129.43761766  190.6039142   300.24907501  495.97938529  121.48970565
 1945.86283516 1521.59635391 1346.7905309  1231.66522546 1444.8231865 ]
Function value: 0.6804750401605099
Parameters: [ 129.43761766  190.6039142   300.24907501  495.97938529  121.48970565
 1945.86283516 1521.59635391 1346.7905309  1231.66522546 1444.8231865 ]
Function value: 0.6804750401605099
Parameters: [ 189.22173466  184.63113411  147.20541182  461.24000296  247.93848545
 1909.53251755 1721.19307526 1405.73757043 1374.82870455 1949.52456503]
Function value: 0.6995940869688763
Parameters: [ 101.42704025  141.36622928  145.76075865  563.35317791  171.92980852
 1503.42726743 1764.4213929  1420.94465008 1297.74840162 1902.30630434]
Function value: 0.7436560018133952
Parameters: [ 101.42704025  141.36622928  145.76075865  563.35317791  171.92980852
 1503.42726743 1764.4213929  1420.94465008 1297.74840162 1902.30630434]
Function value: 0.7436560018133952
Parameters: [ 101.42704025  141.36622928  145.76075865  563.35317791  171.92980852
 1503.42726743 1764.4213929  1420.94465008 1297.74840162 1902.30630434]
Function value: 0.7436560018133952
Parameters: [ 101.42704025  141.36622928  145.76075865  563.35317791  171.92980852
 1503.42726743 1764.4213929  1420.94465008 1297.74840162 1902.30630434]
Function value: 0.7436560018133952
Parameters: [ 101.42704025  141.36622928  145.76075865  563.35317791  171.92980852
 1503.42726743 1764.4213929  1420.94465008 1297.74840162 1902.30630434]
Function value: 0.7436560018133952
Parameters: [ 101.42704025  141.36622928  145.76075865  563.35317791  171.92980852
 1503.42726743 1764.4213929  1420.94465008 1297.74840162 1902.30630434]
Function value: 0.7436560018133952
Parameters: [ 101.42704025  141.36622928  145.76075865  563.35317791  171.92980852
 1503.42726743 1764.4213929  1420.94465008 1297.74840162 1902.30630434]
Function value: 0.7436560018133952
Parameters: [ 101.42704025  141.36622928  145.76075865  563.35317791  171.92980852
 1503.42726743 1764.4213929  1420.94465008 1297.74840162 1902.30630434]
Function value: 0.7436560018133952
Parameters: [ 101.42704025  141.36622928  145.76075865  563.35317791  171.92980852
 1503.42726743 1764.4213929  1420.94465008 1297.74840162 1902.30630434]
Function value: 0.7436560018133952
Parameters: [ 103.58482306  124.33030522  102.67948485  482.66194818  116.93346392
 1416.07595387 1287.6033197  1574.58985529 1307.36880105 1926.89409077]
Function value: 0.7746307747318266
Parameters: [ 103.58482306  124.33030522  102.67948485  482.66194818  116.93346392
 1416.07595387 1287.6033197  1574.58985529 1307.36880105 1926.89409077]
Function value: 0.7746307747318266
Parameters: [ 103.58482306  124.33030522  102.67948485  482.66194818  116.93346392
 1416.07595387 1287.6033197  1574.58985529 1307.36880105 1926.89409077]
Function value: 0.7746307747318266
Parameters: [ 103.58482306  124.33030522  102.67948485  482.66194818  116.93346392
 1416.07595387 1287.6033197  1574.58985529 1307.36880105 1926.89409077]
Function value: 0.7746307747318266
Parameters: [ 103.58482306  124.33030522  102.67948485  482.66194818  116.93346392
 1416.07595387 1287.6033197  1574.58985529 1307.36880105 1926.89409077]
Function value: 0.7746307747318266
Parameters: [ 104.07243051  117.5143616   106.9901092   431.39559949  133.82083544
 1604.57589403 1600.31284119 1661.0590823  1152.75811654 1987.97526437]
Function value: 0.7810220608117094
Parameters: [ 104.07243051  117.5143616   106.9901092   431.39559949  133.82083544
 1604.57589403 1600.31284119 1661.0590823  1152.75811654 1987.97526437]
Function value: 0.7810220608117094
Parameters: [ 100.94711478  117.65905345  101.86298219  465.43003212  115.51351529
 1603.42237993 1613.66449776 1223.04748383 1400.74293652 1871.17978835]
Function value: 0.7850404248966105
Parameters: [ 100.94711478  117.65905345  101.86298219  465.43003212  115.51351529
 1603.42237993 1613.66449776 1223.04748383 1400.74293652 1871.17978835]
Function value: 0.7850404248966105
Parameters: [ 100.94711478  117.65905345  101.86298219  465.43003212  115.51351529
 1603.42237993 1613.66449776 1223.04748383 1400.74293652 1871.17978835]
Function value: 0.7850404248966105
Parameters: [ 100.94711478  117.65905345  101.86298219  465.43003212  115.51351529
 1603.42237993 1613.66449776 1223.04748383 1400.74293652 1871.17978835]
Function value: 0.7850404248966105
Parameters: [ 100.94711478  117.65905345  101.86298219  465.43003212  115.51351529
 1603.42237993 1613.66449776 1223.04748383 1400.74293652 1871.17978835]
Function value: 0.7850404248966105
Parameters: [ 100.94711478  117.65905345  101.86298219  465.43003212  115.51351529
 1603.42237993 1613.66449776 1223.04748383 1400.74293652 1871.17978835]
Function value: 0.7850404248966105
Parameters: [ 100.94711478  117.65905345  101.86298219  465.43003212  115.51351529
 1603.42237993 1613.66449776 1223.04748383 1400.74293652 1871.17978835]
Function value: 0.7850404248966105
Parameters: [ 100.94711478  117.65905345  101.86298219  465.43003212  115.51351529
 1603.42237993 1613.66449776 1223.04748383 1400.74293652 1871.17978835]
Function value: 0.7850404248966105
Parameters: [ 101.08916341  100.58913927  113.24403953  520.20161624  144.267123
 1961.3321309  1928.28479218 1038.58240332 1459.31115988 1939.87866846]
Function value: 0.7981742239851158
Parameters: [ 101.08916341  100.58913927  113.24403953  520.20161624  144.267123
 1961.3321309  1928.28479218 1038.58240332 1459.31115988 1939.87866846]
Function value: 0.7981742239851158
Parameters: [ 101.08916341  100.58913927  113.24403953  520.20161624  144.267123
 1961.3321309  1928.28479218 1038.58240332 1459.31115988 1939.87866846]
Function value: 0.7981742239851158
Parameters: [ 101.08916341  100.58913927  113.24403953  520.20161624  144.267123
 1961.3321309  1928.28479218 1038.58240332 1459.31115988 1939.87866846]
Function value: 0.7981742239851158
Parameters: [ 101.08916341  100.58913927  113.24403953  520.20161624  144.267123
 1961.3321309  1928.28479218 1038.58240332 1459.31115988 1939.87866846]
Function value: 0.7981742239851158
Parameters: [ 101.08916341  100.58913927  113.24403953  520.20161624  144.267123
 1961.3321309  1928.28479218 1038.58240332 1459.31115988 1939.87866846]
Function value: 0.7981742239851158
Parameters: [ 100.29876703  108.26166035  104.14213757  431.50930206  153.40309491
 1849.79980361 1837.47492525 1734.97145937 1445.41990231 1899.25415321]
Function value: 0.8052426494937017
Parameters: [ 100.15330814  112.14864128  106.00087344  465.9566607   114.24669171
 1937.83290136 1643.86173369 1963.71344869 1526.65499793 1805.56868596]
Function value: 0.8056969942750808
Parameters: [ 100.2582405   104.67278807  108.45808587  460.17886964  112.3644348
 1593.56469923 1939.51042921 1844.97920424 1562.35859716 1817.91159543]
Function value: 0.8064761152575085
Parameters: [ 101.71051509  103.08175476  103.528422    439.77900017  152.22999687
 1972.86578004 1845.20942619 1838.9776879  1473.84948967 1955.62179288]
Function value: 0.8135868967091898
Parameters: [ 101.71051509  103.08175476  103.528422    439.77900017  152.22999687
 1972.86578004 1845.20942619 1838.9776879  1473.84948967 1955.62179288]
Function value: 0.8135868967091898
Parameters: [ 102.04708192  104.6330658   107.79300753  430.10928061  107.95985942
 1792.91520217 1966.67892251 1656.93933226 1330.55141961 1952.21263651]
Function value: 0.8185754427834725
Parameters: [ 102.42589789  104.1643505   100.08258727  505.34587428  101.55475684
 1793.07494766 1850.76189615 1842.18924804 1452.60481125 1964.67576321]
Function value: 0.8309366448700544
Parameters: [ 102.42589789  104.1643505   100.08258727  505.34587428  101.55475684
 1793.07494766 1850.76189615 1842.18924804 1452.60481125 1964.67576321]
Function value: 0.8309366448700544
Parameters: [ 102.42589789  104.1643505   100.08258727  505.34587428  101.55475684
 1793.07494766 1850.76189615 1842.18924804 1452.60481125 1964.67576321]
Function value: 0.8309366448700544
Parameters: [ 102.42589789  104.1643505   100.08258727  505.34587428  101.55475684
 1793.07494766 1850.76189615 1842.18924804 1452.60481125 1964.67576321]
Function value: 0.8309366448700544
Parameters: [ 102.42589789  104.1643505   100.08258727  505.34587428  101.55475684
 1793.07494766 1850.76189615 1842.18924804 1452.60481125 1964.67576321]
Function value: 0.8309366448700544
Parameters: [ 102.42589789  104.1643505   100.08258727  505.34587428  101.55475684
 1793.07494766 1850.76189615 1842.18924804 1452.60481125 1964.67576321]
Function value: 0.8309366448700544
Parameters: [ 102.42589789  104.1643505   100.08258727  505.34587428  101.55475684
 1793.07494766 1850.76189615 1842.18924804 1452.60481125 1964.67576321]
Function value: 0.8309366448700544
Parameters: [ 102.42589789  104.1643505   100.08258727  505.34587428  101.55475684
 1793.07494766 1850.76189615 1842.18924804 1452.60481125 1964.67576321]
Function value: 0.8309366448700544
Parameters: [ 102.42589789  104.1643505   100.08258727  505.34587428  101.55475684
 1793.07494766 1850.76189615 1842.18924804 1452.60481125 1964.67576321]
Function value: 0.8309366448700544
Parameters: [ 102.42589789  104.1643505   100.08258727  505.34587428  101.55475684
 1793.07494766 1850.76189615 1842.18924804 1452.60481125 1964.67576321]
Function value: 0.8309366448700544
Parameters: [ 102.42589789  104.1643505   100.08258727  505.34587428  101.55475684
 1793.07494766 1850.76189615 1842.18924804 1452.60481125 1964.67576321]
Function value: 0.8309366448700544
Parameters: [ 102.42589789  104.1643505   100.08258727  505.34587428  101.55475684
 1793.07494766 1850.76189615 1842.18924804 1452.60481125 1964.67576321]
Function value: 0.8309366448700544
Parameters: [ 102.42589789  104.1643505   100.08258727  505.34587428  101.55475684
 1793.07494766 1850.76189615 1842.18924804 1452.60481125 1964.67576321]
Function value: 0.8309366448700544
Parameters: [ 102.42589789  105.52410333  100.09358482  543.62594176  103.19190938
 1932.17884662 1922.85265364 1905.40548575 1440.99216742 1952.56720668]
Function value: 0.831746652200661
Parameters: [ 102.42589789  105.52410333  100.09358482  543.62594176  103.19190938
 1932.17884662 1922.85265364 1905.40548575 1440.99216742 1952.56720668]
Function value: 0.831746652200661
Parameters: [ 102.42589789  105.52410333  100.09358482  543.62594176  103.19190938
 1932.17884662 1922.85265364 1905.40548575 1440.99216742 1952.56720668]
Function value: 0.831746652200661
Parameters: [ 102.911603    107.33181732  101.45556457  521.86594387  101.26773231
 1975.77343001 1929.9292563  1719.55640932 1576.98584587 1946.14561953]
Function value: 0.8342334368313563
Parameters: [ 102.911603    107.33181732  101.45556457  521.86594387  101.26773231
 1975.77343001 1929.9292563  1719.55640932 1576.98584587 1946.14561953]
Function value: 0.8342334368313563
Parameters: [ 102.911603    107.33181732  101.45556457  521.86594387  101.26773231
 1975.77343001 1929.9292563  1719.55640932 1576.98584587 1946.14561953]
Function value: 0.8342334368313563
Parameters: [ 102.14750092  105.82484481  100.5610625   491.72801876  104.0126217
 1940.51302827 1954.50249143 1608.15983422 1475.26272457 1958.79484884]
Function value: 0.8347279130130192
Parameters: [ 102.14750092  105.82484481  100.5610625   491.72801876  104.0126217
 1940.51302827 1954.50249143 1608.15983422 1475.26272457 1958.79484884]
Function value: 0.8347279130130192
Parameters: [ 102.14750092  105.82484481  100.5610625   491.72801876  104.0126217
 1940.51302827 1954.50249143 1608.15983422 1475.26272457 1958.79484884]
Function value: 0.8347279130130192
Parameters: [ 102.14750092  105.82484481  100.5610625   491.72801876  104.0126217
 1940.51302827 1954.50249143 1608.15983422 1475.26272457 1958.79484884]
Function value: 0.8347279130130192
Parameters: [ 102.14750092  105.82484481  100.5610625   491.72801876  104.0126217
 1940.51302827 1954.50249143 1608.15983422 1475.26272457 1958.79484884]
Function value: 0.8347279130130192
Parameters: [ 102.14750092  105.82484481  100.5610625   491.72801876  104.0126217
 1940.51302827 1954.50249143 1608.15983422 1475.26272457 1958.79484884]
Function value: 0.8347279130130192
Parameters: [ 103.26961259  104.67082999  102.15082526  464.26930018  104.67616879
 1978.88890524 1962.29772216 1531.50381878 1398.83607164 1995.14337311]
Function value: 0.8349568453529864
Parameters: [ 103.26961259  104.67082999  102.15082526  464.26930018  104.67616879
 1978.88890524 1962.29772216 1531.50381878 1398.83607164 1995.14337311]
Function value: 0.8349568453529864
Parameters: [ 105.12606357  101.94215297  100.45355601  481.36706885  100.98005852
 1980.99964205 1878.95115145 1886.59157455 1516.79702805 1988.17051675]
Function value: 0.8407840581671178
Parameters: [ 105.12606357  101.94215297  100.45355601  481.36706885  100.98005852
 1980.99964205 1878.95115145 1886.59157455 1516.79702805 1988.17051675]
Function value: 0.8407840581671178
Parameters: [ 105.12606357  101.94215297  100.45355601  481.36706885  100.98005852
 1980.99964205 1878.95115145 1886.59157455 1516.79702805 1988.17051675]
Function value: 0.8407840581671178
Parameters: [ 105.12606357  101.94215297  100.45355601  481.36706885  100.98005852
 1980.99964205 1878.95115145 1886.59157455 1516.79702805 1988.17051675]
Function value: 0.8407840581671178
Parameters: [ 105.12606357  101.94215297  100.45355601  481.36706885  100.98005852
 1980.99964205 1878.95115145 1886.59157455 1516.79702805 1988.17051675]
Function value: 0.8407840581671178
Optimal Parameters: [ 105.12606357  101.94215297  100.45355601  481.36706885  100.98005852
 1980.99964205 1878.95115145 1886.59157455 1516.79702805 1988.17051675]
Optimal J: 0.8407840581671178